112170 112171 112172 112173 112174 112175 112176 112177 112178 112179 112180 112181 112182 112183 112184 112185 112186 112187 112188 112189 112190 112191 112192 112193 112194 112195 112196 112197 112198 112199 112200 112201 112202 112203 112204 112205 112206 112207 112208 112209 112210 112211 112212 112213 112214 112215 112216 112217 112218 112219 112220 112221 112222 112223 112224 112225 112226 112227 112228 112229 112230 - 0.009033333333333326
112056 112057 112058 112059 112060 112061 112062 112063 112064 112065 112066 112067 112068 112069 112070 112071 112072 112073 112074 112075 112076 112077 112078 112079 112080 - 0.003533333333333332
90540 90541 90542 90543 90544 90545 90546 90547 90548 90549 90550 - 0.014825
10205 10206 10207 10208 10209 10210 10211 10212 10213 10214 10215 10216 10217 10218 10219 10220 10221 10222 10223 10224 10225 10226 10227 10228 10229 10230 10231 10232 10233 10234 10235 10236 10237 10238 10239 10240 10241 10242 10243 10244 10245 10246 10247 10248 10249 10250 10251 10252 10253 10254 10255 - 0.047072727272727266
865669 865618 - 0.0002
444142 444143 444144 444145 426446 426447 426448 426449 426450 426451 426452 426453 426454 - 0.0051
134996 134997 134998 134999 135000 135001 135002 135003 135004 135005 135006 135007 135008 135009 135010 135011 135012 135013 135014 135015 135016 135017 123171 123172 123173 123174 123175 123176 123177 123178 123179 123180 123181 123182 123183 123184 123185 123186 123187 123188 123189 123190 123191 123192 123193 123194 123195 123196 123197 123198 123199 123200 123201 123202 123203 123204 123205 123206 123207 123208 123209 123210 123211 123212 123213 123214 123215 123216 123217 123218 123219 123220 123221 123222 123223 123224 123225 123226 123227 123228 123229 123230 123231 123232 123233 123234 123235 123236 123237 123238 123239 123240 123241 123242 123243 123244 123245 123246 123247 123248 123249 123250 123251 123252 123253 123254 123255 123256 123257 123258 123259 123260 123261 123262 123263 123264 - 0.007962500000000004
89658 89659 89660 89661 89662 89663 89664 89665 89666 89667 89668 89669 89670 89671 89672 89673 89674 89675 89676 89677 89678 89679 89680 89681 89682 89683 89684 89685 89686 89687 89688 89689 89690 89691 89692 89693 89694 89695 89696 89697 89698 89699 89700 89701 89702 89703 89704 89705 89706 89707 89708 89709 89710 89711 89712 89713 89714 89715 89716 89717 89718 - 0.030300000000000004
482620 482621 482622 482623 480936 480937 - 0.0063999999999999994
198636 343870 - 0.0001
515209 515208 515248 515249 515250 515251 515252 54770 54771 - 0.008587500000000001
665305 665304 665303 665302 665267 665266 620856 665280 - 0.008199999999999999
371776 371777 371778 - 0.0010999999999999998
522759 522758 522757 522756 522755 523579 - 0.006775
202730 182548 179646 326140 - 0.0015875
355776 355777 355778 355779 355780 - 0.0026333333333333334
260133 260132 260131 260130 277771 277772 277773 277774 277775 277776 - 0.004433333333333333
626766 626765 626764 626763 626762 626761 626760 626159 626160 626161 626162 626163 626164 626165 903359 626099 626100 626101 626102 626103 626104 626105 626106 626107 903419 626037 609407 609408 903418 - 0.014858333333333331
718769 718770 718741 718771 715701 715653 715700 715699 715698 715697 715671 715672 715673 715705 - 0.025650000000000003
324432 324433 246744 325103 325102 325101 325100 325099 325098 250077 325097 325096 325095 218068 325094 325093 325092 325091 325090 325089 325088 285761 285762 285763 285764 285765 285766 285767 285768 285769 285770 285771 285772 285773 285774 285775 285776 285777 285778 285779 285780 285781 285782 207866 269550 269549 269548 269547 269546 269545 239235 239236 239237 239238 - 0.024133333333333326
513793 513792 330627 330628 330629 330630 330631 330632 330633 330634 330635 330636 330637 330638 330639 330640 330641 330642 330643 330644 330645 330646 330647 - 0.0033999999999999994
768319 768241 768240 768239 768238 768237 - 0.0102
279671 279670 - 0.0007333333333333333
805716 805717 805718 805719 804812 804947 804948 804949 804950 804951 804952 804953 804954 804955 804956 804957 804958 804959 804960 804961 804962 804963 804964 804965 804966 804967 804968 804969 804970 804971 804972 804973 804974 804975 804976 804977 804978 804979 804980 804981 804982 804983 804984 804985 804986 804987 804988 804989 804990 804991 804992 804993 804994 804995 804996 804997 804998 804999 805000 805001 805002 805003 805004 805005 805006 805007 805008 805009 805010 - 0.06434444444444444
268253 268254 268255 268256 268257 322636 322635 322634 246265 304825 272304 272305 272306 272307 - 0.010787499999999998
185881 185880 185879 185878 185877 185876 355763 355764 355765 - 0.0029333333333333334
325201 325202 325203 325204 325205 325206 325207 325208 213423 213424 213425 - 0.0027833333333333334
58644 58645 58646 58647 58648 741132 741133 741134 741135 741136 741137 741138 741139 741140 741141 - 0.012429166666666666
831868 831867 831866 831865 831864 831863 831862 831861 831860 831859 831858 921039 921038 921037 921036 921035 921034 921033 921032 921031 921030 - 0.012166666666666666
293205 293204 282970 282969 282968 282967 282966 300216 300215 210989 210990 210991 210992 210993 - 0.009433333333333334
754033 753846 753845 753844 - 0.0031000000000000003
513726 513727 513728 513729 513730 513731 513732 513733 513734 513735 513736 333482 332810 513737 513738 513739 513740 513741 195668 195669 195670 195671 195672 195673 195674 - 0.006287499999999999
530602 530603 532534 532535 532536 532537 532538 532539 532540 532541 532542 532543 532544 532545 532546 532547 532548 532549 532550 532551 532552 532553 532554 532555 532556 532557 532558 532559 532560 532561 532562 532563 532564 532565 532566 97071 97072 97073 97074 606425 606429 606430 606431 606432 606433 606434 606435 606436 606437 606438 606439 606440 606441 606442 606443 606444 606445 606446 606447 606448 606449 606450 606451 606452 606453 606454 696450 696451 696452 696453 696454 696455 696456 696457 696458 696459 696460 696461 696462 696463 696464 696465 471101 696466 696467 471144 471145 471146 471147 471148 471149 471150 471151 471152 471153 471154 471155 471156 471157 471158 471159 471160 471161 471162 471163 471164 471165 471166 471167 471168 471169 471170 471171 471172 471173 471174 471175 471176 471177 471178 471179 471180 471181 698504 698505 698506 698507 698508 629223 629224 629225 629226 942320 942321 942322 942323 942324 942325 942326 942327 942328 942329 942330 942331 942332 942333 65659 942334 942335 942336 942337 942338 942339 942340 942341 942342 942343 942344 942345 942346 942347 942348 942349 942350 942351 942352 942353 942354 942355 942356 942357 942358 942359 942360 942361 942362 942363 942364 942365 942294 942295 942296 942297 942298 942299 942300 17955 17954 17953 17952 17951 17950 17949 17948 17947 17946 17945 17944 17943 878833 878819 878832 878831 - 0.20252550505050504
132310 132309 132308 132307 132306 132305 132304 132303 132302 132301 132300 132299 132298 132297 132296 132295 132294 132293 132292 132291 132290 132289 132288 132287 132286 132285 132284 132283 132282 132281 142970 142971 142972 142973 142974 142975 142976 142977 142978 142979 137143 137142 142980 142981 142982 120697 117631 117630 117629 117628 117627 117626 117625 117624 117623 117622 117621 117620 460478 147431 460477 119744 153358 153357 153356 153355 153354 153353 153352 126137 126138 126139 126140 - 0.02098030303030303
303505 303506 303507 303508 303509 303510 303511 303512 - 0.0024000000000000002
288565 288566 288567 288568 288569 288570 288571 288572 288573 288574 210239 288575 288576 288577 288578 288579 288580 288581 288582 288583 241244 241243 241242 241241 241240 241239 241238 241237 241236 241235 241234 241233 241232 241231 241230 241229 241228 241227 241226 241225 241224 241223 241222 241221 241220 241219 241218 241217 241216 241215 241214 241213 241212 241211 241210 241209 241208 241207 241206 241205 241204 241203 241202 241201 241200 241199 241198 241197 - 0.013533333333333323
748471 748470 748469 748435 748436 748437 748438 748439 748425 748426 748427 748428 748429 748430 748431 748432 70454 70457 748433 748434 - 0.014293333333333335
691862 655178 655179 - 0.0016
752734 752735 752736 752737 669958 669937 752755 752756 752757 752758 752759 752760 752761 752762 752763 554645 554644 554643 554410 554402 554386 590160 590161 590162 790296 790295 - 0.035166666666666666
683388 683384 892172 892171 892170 892169 892168 892167 892158 892159 892160 892161 - 0.014183333333333336
537332 537333 537334 537335 537336 537337 537338 537339 537340 537341 537342 537343 537344 537345 537346 537347 537348 537349 537350 537351 537352 537353 537354 537355 537356 537357 537358 537359 537360 537361 537362 537363 537364 537365 537366 537367 537368 537369 537370 537371 537372 537373 537374 537375 537376 537377 537378 537379 537380 537381 537382 537383 537384 537385 537386 537387 537388 537389 537390 537391 537392 537393 537394 537395 537396 537397 537398 537399 537400 537401 537402 537403 537404 537405 537406 537407 537408 537409 537410 537411 537412 537413 537414 537415 537416 537417 537418 537419 537420 537421 537422 537423 537424 537425 537426 537427 537428 537429 537430 537431 537432 537433 537434 537435 537436 537437 537438 537439 537440 537441 537442 537443 537444 537445 537446 537447 537448 537449 537450 537451 537452 537453 537454 537455 537456 537457 537458 537459 537460 537461 537462 537463 537464 537465 537466 537467 537468 537469 537470 537471 537472 537473 537474 537475 537476 537477 537478 537479 537480 537481 537482 537483 537484 537485 537486 537487 537488 537489 537490 537491 537492 537493 537494 537495 537496 537497 537498 537499 537500 537501 537502 537503 537504 537505 537506 537507 537508 537509 537510 537511 537512 537513 537514 537515 537516 537517 537518 207587 207588 207589 207590 207591 - 0.025983333333333303
667276 667277 667278 - 0.0014
420731 420732 420733 420734 420735 420736 420737 420738 420739 420740 420741 420742 420743 420744 420745 420746 420747 420748 420749 420750 420751 420752 420753 420754 420755 420756 420757 420758 420759 420760 420761 420762 420763 420764 420765 420766 420767 420768 420769 420770 420771 420772 420773 420774 420775 415308 420776 420777 420778 420779 420780 420781 420782 420783 420784 420785 420786 420787 420788 420789 420790 420791 420792 420793 420794 420795 420796 420797 420798 420799 420800 420801 420802 420803 420804 420805 420806 420807 420808 420809 420810 420811 420812 420813 420814 420815 420816 420817 420818 420819 420820 420821 420822 420823 420824 420825 420826 411802 411801 - 0.011175000000000001
794409 794408 - 0.0020666666666666667
734661 734660 734659 734658 734657 - 0.0034666666666666665
452372 452371 452370 452369 452368 452367 452366 452365 452364 452363 452362 452361 452360 452359 452358 452357 452356 452355 452354 452353 452352 452351 452350 452349 452348 452347 452346 425333 425332 425331 425330 425329 425328 425327 425326 425325 425324 425323 425322 425321 425320 425319 - 0.013533333333333335
105374 105375 105376 105377 105378 105379 105380 105381 105382 - 0.006233333333333335
425024 425023 425022 425021 425020 425019 425018 425017 425016 425015 425014 425013 425012 425011 425010 425009 425008 425007 425006 425005 436747 436748 436749 436750 436751 436752 436753 436754 436755 436756 436757 436758 436759 436760 436761 436762 436763 436764 436765 436766 436767 436768 436769 436770 436771 436772 436773 436774 436775 436776 436777 436778 436779 436780 436781 436782 436783 436784 436785 436786 436787 436788 436789 436790 436791 436792 436793 436794 436795 436796 436797 436798 436799 436800 436801 436802 436803 436804 436805 436806 436807 436808 436809 436810 436811 436812 436813 436814 436815 - 0.01836666666666666
536643 78733 78734 536665 78741 536663 536664 536641 536652 536653 536654 536655 - 0.02423333333333333
479272 478853 478860 478861 478862 478863 699179 699180 699181 699182 699183 699184 522471 699185 699186 699187 699188 699189 699190 699191 699192 699193 699194 659093 659094 659095 659096 659097 659098 659099 911261 911262 911263 911264 911265 925288 925282 925289 925290 925291 925292 925293 925294 925295 925272 925296 925297 925298 925299 - 0.02353571428571429
863205 863206 863207 863208 863209 863210 863211 863212 863213 26560 26559 26558 26557 26556 26555 26554 26553 26552 26567 - 0.007370833333333334
358317 358316 358315 358314 358313 358312 358311 100322 358310 358309 358308 358307 358306 358305 358304 358303 358302 516938 516939 516940 516941 516942 516943 516944 516945 516946 516947 516948 516949 516950 516951 516952 516953 516954 516955 516956 516957 516958 516959 516960 516961 516962 516963 516964 516965 516966 516967 516968 516969 516970 516971 516972 516973 516974 516975 516976 516977 516978 516979 516980 516981 516982 516983 88536 88537 88538 88539 88540 88541 88542 88543 88544 88545 88546 88547 88548 88549 88550 88551 88552 88553 88554 88555 88556 88557 88558 88559 88560 88561 88562 88563 88564 88565 88566 88567 88568 88569 88570 88571 88572 88573 100892 100893 100894 100895 100896 100897 100898 510412 510411 510410 510409 510408 510407 510406 510405 510404 510403 510402 510401 510400 510399 510398 510397 510396 510395 510394 510393 510392 510391 510390 510389 510388 510387 510386 510385 510384 510383 510382 510381 510380 510379 510378 510377 510376 510375 510374 510373 510372 510371 510370 510369 510368 510367 510366 510365 510364 510363 510362 510361 510360 510359 510358 7485 7486 7487 7488 7489 7490 7491 7492 7493 7494 7495 7496 660876 660877 660878 660879 660880 660881 - 0.13365277777777773
185243 185244 185245 185246 185247 185248 185249 185250 185251 185252 185253 185254 185255 185256 185257 185258 185259 185260 185261 185262 185263 185264 185265 185266 185267 185268 185269 185270 185271 185272 185273 185274 187155 187156 187157 187158 187159 187160 187161 187162 187163 187164 187165 187166 187167 187168 187169 187170 187171 187172 187173 187174 187175 187176 187177 132906 132907 132908 132909 132910 132911 132912 132913 132914 132915 - 0.06890416666666666
65195 65196 65197 65198 91310 650600 650601 650602 650603 642943 642944 642945 643018 643019 643092 16936 643093 643094 643095 16158 16159 16160 21355 21356 822884 822883 822882 - 0.029665277777777783
856053 6645 6646 6647 6648 57194 57195 57196 57197 16477 16478 16479 476683 476684 67210 67212 67213 - 0.012916666666666667
54986 54985 54984 54983 54982 54981 54980 54979 54978 54977 54976 54975 54974 54973 54968 54969 54970 54971 54972 42624 42623 42622 42621 42620 42619 42618 41015 41014 41013 41012 41011 41010 41009 41008 41007 41006 41312 41313 41314 41315 41316 41317 41318 41319 41320 41321 41322 41323 41324 41325 41326 41327 41328 41329 41330 41331 41332 41333 41334 41335 41336 41337 41338 41339 41340 41341 41342 41343 41344 41345 41346 41347 41348 41349 41350 41351 41352 41353 41354 41355 41356 41357 796289 - 0.09455025252525251
133164 133165 133166 133167 133168 133169 133170 133171 118280 133172 - 0.0038499999999999997
404178 404177 382607 382608 382609 382610 382611 382612 382613 382614 382615 382616 382617 382618 410772 410773 410774 410775 410776 390298 410777 410778 410779 410780 410781 410782 410783 410784 410785 410786 410787 410788 410789 410790 410791 410792 410793 410794 410795 393037 508438 508437 508436 508435 508434 508433 508432 508431 508430 508429 508428 508427 508426 508425 508424 508423 508422 508421 508420 508419 508418 636783 636784 636785 636786 636787 636788 636789 636846 636847 636848 636865 - 0.03365555555555554
634924 634925 634926 634927 634928 634929 634930 634931 634932 634933 634934 830360 830359 634996 634997 634998 634999 635000 635001 634978 634979 634980 634981 634982 634983 634984 - 0.018799999999999997
750820 750848 750849 750850 750851 750852 750853 750854 750821 709594 706418 709595 709596 709597 709598 706678 709599 706619 706656 709600 69486 706309 706310 69485 706655 - 0.008516666666666667
131185 131186 131187 - 0.0007333333333333333
439566 439565 428175 439564 439563 439562 439561 439560 439559 439558 439557 439556 439555 439554 439553 439552 439551 439550 439549 439548 439547 439546 439545 439544 439543 439542 439541 439540 439539 439538 439537 439536 439535 439534 439533 439532 439531 439530 439529 439528 439527 439526 439525 439524 439523 439522 439521 439520 439519 439518 439517 439516 432822 439515 439514 439513 439512 439511 439510 439509 439508 439507 439506 439505 439504 439503 439502 439501 439500 447578 447577 436057 436058 436059 436060 - 0.011200000000000003
699225 699226 699240 699239 699233 699232 699231 699230 699229 699228 699227 - 0.029370833333333332
758235 758234 758233 758232 758231 758230 758229 758228 758279 758278 758277 758276 758275 758274 758273 758272 758271 758270 758269 758268 758267 758350 758349 758348 758347 - 0.029333333333333333
98136 18126 98137 98138 98139 98140 923072 923071 98580 923070 923069 98581 98582 - 0.008470833333333334
766660 766661 878540 878541 878542 766571 878543 878544 878545 878531 878532 878576 878373 878372 878371 878370 878369 878368 878367 878366 878365 878364 878363 878418 878419 878420 878437 878436 878435 878425 878424 878423 878422 766625 766592 878421 878279 878280 878281 878282 878283 878284 878285 878286 878287 669816 669815 669814 669813 669812 671738 671739 671740 671741 671742 671743 897238 766390 671789 897239 766699 766698 766697 - 0.03465833333333335
379044 359137 359138 359139 358886 358887 - 0.0024708333333333336
920632 920631 920621 920620 920619 920618 218710 920608 920609 920610 920611 920612 920613 920614 920615 920616 920617 - 0.014833333333333332
589251 586356 586357 586358 586359 586360 586365 586366 586367 586368 586369 586370 586371 586372 584372 584373 584374 584355 584356 584357 584358 584359 584360 584361 585809 585810 585811 585812 585813 585814 601187 601188 601189 601190 601191 601269 601268 601267 601266 601265 601264 601263 601262 601261 601260 467172 585146 585145 585144 585143 585142 585141 585140 585139 585138 585931 585932 585933 585934 585935 585936 585937 589288 589289 589290 589291 589292 589293 589294 589295 589296 589297 589298 589299 589300 589301 589302 589303 589304 589305 589306 589307 585797 585798 - 0.045704166666666685
206327 206328 206329 206330 206331 206332 206333 206334 206335 206336 206337 206338 206339 206340 206341 206342 206343 206344 171132 334738 334739 334740 334741 334742 334743 334744 173678 334745 334746 - 0.012775000000000002
269263 269264 269265 269266 269267 269268 269269 269270 269271 269272 269273 269274 269275 269276 269277 269278 269279 269280 269281 269282 269283 269284 269285 269286 269287 269288 269289 269290 269291 269292 269293 269294 269295 269296 269297 269298 269299 269300 269301 269302 269303 269304 269305 269306 269307 269308 269309 269310 269311 269312 269313 269314 269315 269316 269317 269318 269319 269320 269321 - 0.011899999999999987
458581 458580 458579 458578 458577 458576 458575 458574 458573 423266 458572 458571 458570 458569 458568 458567 458566 458565 458564 458563 - 0.0148
467135 467136 467137 467138 61409 61410 61411 61412 61413 61414 61415 61416 61417 61418 61419 61420 61421 61422 61423 61424 61425 61426 61427 660608 660609 660599 660600 660601 660602 660603 660604 660605 660606 660607 543636 543637 543638 543639 543640 543641 543642 543643 543644 543645 543646 543647 543648 543649 543650 543651 543652 543653 543654 543655 543656 543657 543658 543659 543660 543661 543662 543663 543664 543665 543666 543667 543668 543669 543670 543671 543672 543673 543674 543675 543676 543677 543678 543679 543680 543681 543682 528998 543683 543684 570844 570835 874063 874064 874065 874066 874067 874068 874069 874070 874071 874072 874073 874074 874075 874076 874077 874078 874079 874080 874081 874082 874083 874084 874085 874086 874087 874088 874089 874090 874091 874092 874093 874094 874095 874096 874097 874098 874099 874100 874101 874102 874103 874104 874105 874106 15038 15039 15040 15041 15042 15043 15044 15045 15046 15047 15048 660598 61428 61429 61430 61431 61432 61433 874213 874214 874215 874216 - 0.2649805050505051
438275 438276 438277 438278 438279 438280 438281 438282 438283 438284 438285 438286 438287 438288 438289 438290 438291 438292 438293 438294 438295 438296 438297 438298 438299 438300 - 0.005933333333333335
318701 318702 - 0.0009333333333333333
800898 800897 800896 800895 800894 800893 800892 800889 800888 800887 800883 800884 800890 - 0.02887916666666667
318398 318397 318396 318395 318394 318393 318392 318391 318390 318389 318388 318387 318386 318385 318384 318383 318382 318381 318380 318379 318378 318377 318376 318375 318374 318373 318372 318371 318370 318369 318368 283911 318367 318366 318365 318364 318363 318362 318361 318360 318359 318358 318357 318356 318355 318354 318353 318352 318351 318350 318349 318348 745687 745688 745689 745690 745691 745692 745693 745694 745695 745696 745697 745698 745699 745683 745684 745685 745686 - 0.011788888888888883
685152 685153 685154 685155 685156 685157 685158 685159 685160 685161 685162 685163 685164 685165 685166 685167 685168 685169 685170 685171 685172 685173 685174 685175 685176 685177 685178 685179 685180 685181 685182 685183 685184 685185 685186 685187 685188 685189 685190 685191 685192 685193 685194 685195 463509 463510 463511 463512 463513 464037 464038 464039 464040 464041 464042 464043 464044 464045 464046 464047 464048 464049 464050 464093 464092 464091 464090 464089 464088 464087 464086 464085 464084 464083 464082 464081 464080 464079 464078 464077 464076 464075 464074 464073 464072 464071 464070 464069 464068 464067 - 0.04516111111111112
936318 936295 936294 936293 936292 936291 936290 936323 936319 936322 - 0.018066666666666665
16777 16776 15766 15767 15768 15769 15770 16753 16754 16755 25388 25389 16830 16831 16832 16833 16834 16835 25395 - 0.027850000000000003
609104 609103 609102 863353 864761 - 0.007699999999999999
506216 506217 497764 506218 501694 506219 500861 499048 500860 500859 504674 504675 504419 504676 500007 500008 500009 500010 500011 503524 497980 506057 501383 501384 501385 501386 504593 - 0.0346125
624993 624994 624995 624996 624997 624998 624999 16144 16127 16128 16129 16130 16131 26129 26130 - 0.011233333333333333
534241 534242 534243 534244 534245 534246 534247 534248 534249 534250 534251 534252 534253 534254 534285 534286 78986 78985 78984 78983 534276 534277 534278 534279 - 0.017346666666666666
212859 212860 - 0.00016666666666666666
333544 333543 333542 333541 333540 345312 345311 345310 345309 345308 345307 345306 345305 345304 345303 345302 345301 345300 345299 345298 345297 345296 345295 345294 345293 345292 345291 345290 345289 345288 345287 345286 345285 345284 345283 345282 345281 345280 345279 345278 345277 345276 345275 345274 345273 345272 345271 345270 345269 345268 345267 176954 176955 176956 176957 176958 176959 176960 176961 176962 176963 176964 176965 176966 176967 176968 176969 176970 184694 184693 184692 184691 184690 203263 203264 203265 203266 203267 203268 203269 203270 203271 203272 203273 203274 203275 203276 203277 203278 203279 203280 203281 203282 203283 203284 203285 203286 203287 203288 203289 203290 203291 203292 203293 203294 203295 203296 203297 203298 203299 203300 203301 203302 203303 203304 203305 203306 203307 203308 203309 203310 203311 203312 203313 203314 203315 203316 203317 203318 203319 203320 203321 203322 203323 203324 203325 203326 203327 203328 203329 203330 203331 203332 203333 203334 203335 - 0.022587500000000007
206960 206959 206958 206957 206956 206955 206954 206953 206952 345664 345665 169401 169402 169403 169404 169405 169406 - 0.007633333333333334
377866 377865 377864 377863 377862 377861 377584 377583 377582 377581 377580 377579 377818 377819 377820 377821 377787 377761 377788 377789 377790 377791 377745 377746 377747 377748 377749 377750 377751 377752 - 0.02373333333333333
381878 381879 381880 381881 381882 381883 381884 381885 381886 381887 381888 381889 381890 381891 381892 420429 420430 420431 420432 420433 420434 417473 420435 - 0.03967499999999999
218142 218141 218140 218139 218138 218137 218136 218135 218134 218133 218132 218131 218130 218129 218128 218127 218126 218125 218124 218123 218122 218121 218120 218119 218118 218117 218116 218115 218114 218113 218112 218111 218110 218109 218108 218107 218106 218105 218104 218103 218102 218101 218100 218099 218098 218097 218096 218095 218094 218093 218092 218091 218090 250648 250649 250650 250651 - 0.016366666666666668
75984 75985 75986 75987 75988 - 0.0019333333333333331
609722 609723 609724 609725 609726 609727 609728 609729 609730 609731 609732 609733 609734 609735 609736 609737 - 0.0077875
876753 876754 876755 876790 876789 876788 876680 876679 876678 876677 876676 876675 876674 876673 - 0.0031249999999999993
580420 580421 580422 580423 882512 - 0.00047499999999999994
612186 612185 612184 612183 612195 612196 698526 698525 698530 - 0.0019625
737069 737070 737071 772306 929656 929657 929658 929659 43159 929534 929535 929536 929537 737060 929520 929521 929522 929523 929524 929525 929526 929527 929528 929529 929530 929531 944376 944375 944374 944373 810775 810776 810777 810783 810782 810781 - 0.03971527777777777
287896 287895 287894 287893 287892 287891 224766 224767 224768 224769 224770 224771 224772 224773 224774 224775 224776 224777 224778 224779 224780 224781 224782 224783 - 0.008799999999999999
248863 248864 248865 248866 248867 248868 248869 - 0.0013666666666666666
405202 405203 405204 409819 409820 - 0.012533333333333334
509511 509510 508804 508863 508862 508861 508860 508859 508858 508857 508856 508855 508854 508853 508852 508851 508850 508849 508848 508847 508846 508845 508844 - 0.010449999999999997
583178 583177 583161 583176 583175 583160 585796 585797 585798 - 0.014266666666666667
683151 683152 683153 683154 683155 683156 683157 683158 683159 683160 683161 683162 683163 683164 19886 19887 19888 19889 19890 19891 19892 19893 19894 19895 19896 19897 - 0.010801136363636363
723501 723500 723499 506974 101393 506973 506972 506971 506970 506969 506968 506967 506966 506965 506964 506869 506870 506871 506872 506873 506874 - 0.010333333333333333
668691 668690 942694 942693 942692 942691 942690 942677 942676 942675 942674 942673 942672 942671 942670 942647 - 0.018133333333333335
785936 785935 785927 785928 785929 785930 785931 785932 785933 785934 785913 785912 785911 471912 - 0.025966666666666666
94049 94104 535252 535251 535250 535249 - 0.009